0.521033 6.451250
1.508770 6.458750
2.500805 6.455000
3.513262 6.442500
4.499156 6.441250
5.521476 6.448750
6.489337 6.442500
7.500144 6.447500
8.509529 6.445000
9.500207 6.455000
10.505679 6.425000
11.508541 6.453750
12.524097 6.441250
13.508097 6.426250
14.516826 6.438750
15.496472 6.430000
16.498142 6.427500
17.504541 6.420000
18.491562 6.437500
19.514341 6.430000
20.498973 6.416250
21.493029 6.407500
22.496514 6.418750
23.499115 6.423750
24.496955 6.455000
25.498402 6.450000
26.503848 6.443750
27.511679 6.447500
28.489706 6.466250
29.514277 6.456250
30.501628 6.468750
31.503552 6.467500
32.507294 6.460000
33.522959 6.473750
34.514433 6.458750
35.512753 6.461250
36.503869 6.470000
37.493811 6.468750
38.522959 6.468750
39.496385 6.455000
40.498456 6.465000
41.511723 6.421250
42.495224 6.448750
43.538276 6.433750
44.500610 6.430000
45.493844 6.425000
46.517531 6.413750
47.509432 6.433750
48.500366 6.450000
49.495460 6.440000
50.521248 6.442500
51.496293 6.446250
52.494178 6.447500
53.500202 6.440000
54.502342 6.431250
55.497886 6.431250
56.512476 6.435000
57.502943 6.448750
58.498529 6.441250
59.522893 6.431250
60.513574 6.440000
61.485388 6.445000
62.500530 6.417500
63.490633 6.425000
64.505005 6.431250
65.522002 6.416250
66.491414 6.436250
67.497399 6.440000
68.535641 6.433750
69.508405 6.438750
70.502493 6.431250
71.504366 6.417500
72.516547 6.428750
73.544347 6.435000
74.517833 6.433750
75.479584 6.430000
76.514080 6.435000
77.498729 6.435000
78.517581 6.408750
79.509741 6.436250
80.508227 6.436250
81.511836 6.428750
82.482614 6.432500
83.507851 6.452500
84.532979 6.403750
85.515903 6.438750
86.529353 6.422500
87.510213 6.432500
88.514356 6.422500
89.513066 6.427500
90.515646 6.417500
91.499047 6.397500
92.520275 6.416250
93.522473 6.432500
94.502213 6.417500
95.502116 6.412500
96.510986 6.420000
97.520181 6.410000
98.513487 6.417500
99.492764 6.425000
100.512499 6.413750
101.517343 6.430000
102.514672 6.427500
103.511471 6.406250
104.513723 6.420000
105.502053 6.421250
106.500132 6.422500
107.520016 6.433750
108.478026 6.418750
109.518835 6.435000
110.497109 6.432500
111.493300 6.440000
112.495280 6.435000
113.494187 6.432500
114.484096 6.432500
115.519582 6.438750
116.487300 6.438750
117.498676 6.440000
118.524415 6.436250
119.497967 6.441250
