0.0000 1.6778
5.0000 1.6792
10.0000 1.6703
15.0000 1.6792
20.0000 1.6805
25.0000 1.6905
30.0000 1.6923
35.0000 1.6958
40.0000 1.6867
45.0000 1.7060
50.0000 1.7073
55.0000 1.7083
60.0000 1.7110
65.0000 1.7070
70.0000 1.6797
75.0000 1.6805
80.0000 1.6655
85.0000 1.6658
90.0000 1.6730
95.0000 1.6847
100.0000 1.6898
105.0000 1.7025
110.0000 1.7085
115.0000 1.6895
120.0000 1.6855
125.0000 1.6823
130.0000 1.6610
135.0000 1.6575
140.0000 1.6685
145.0000 1.6980
150.0000 1.7035
155.0000 1.6925
160.0000 1.6870
165.0000 1.6707
170.0000 1.6500
175.0000 1.6382
180.0000 1.6595
185.0000 1.6732
190.0000 1.6758
195.0000 1.6847
200.0000 1.6810
205.0000 1.6690
210.0000 1.6455
215.0000 1.6435
220.0000 1.6573
225.0000 1.6737
230.0000 1.6728
235.0000 1.6850
240.0000 1.6775
245.0000 1.6528
250.0000 1.6252
255.0000 1.6372
260.0000 1.6460
265.0000 1.6633
270.0000 1.6832
275.0000 1.6820
280.0000 1.6697
285.0000 1.6692
290.0000 1.6487
