0.0000 1.7010
5.0000 1.7010
10.0000 1.6963
15.0000 1.7023
20.0000 1.7018
25.0000 1.6943
30.0000 1.6985
35.0000 1.6985
40.0000 1.7083
45.0000 1.7240
50.0000 1.7188
55.0000 1.7140
60.0000 1.7185
65.0000 1.7163
70.0000 1.7018
75.0000 1.6855
80.0000 1.6778
85.0000 1.6852
90.0000 1.6913
95.0000 1.6990
100.0000 1.7087
105.0000 1.7195
110.0000 1.7212
115.0000 1.7113
120.0000 1.7027
125.0000 1.6947
130.0000 1.6750
135.0000 1.6772
140.0000 1.6578
145.0000 1.6672
150.0000 1.6780
155.0000 1.6955
160.0000 1.6888
165.0000 1.6630
170.0000 1.6452
175.0000 1.6445
180.0000 1.6515
185.0000 1.6833
190.0000 1.6707
195.0000 1.6787
200.0000 1.6670
205.0000 1.6432
210.0000 1.6472
215.0000 1.6340
220.0000 1.6508
225.0000 1.6518
230.0000 1.6690
235.0000 1.6777
240.0000 1.6515
245.0000 1.6273
250.0000 1.6370
255.0000 1.6345
260.0000 1.6535
265.0000 1.6522
270.0000 1.6785
275.0000 1.6652
280.0000 1.6510
285.0000 1.6562
290.0000 1.6507
