0.0000 1.1650
5.0000 1.1656
10.0000 1.1512
15.0000 1.1538
20.0000 1.1505
25.0000 1.1384
30.0000 1.1275
35.0000 1.1267
40.0000 1.1258
45.0000 1.1093
50.0000 1.1019
55.0000 1.1178
60.0000 1.1251
65.0000 1.1124
70.0000 1.1314
75.0000 1.1367
80.0000 1.1140
85.0000 1.1083
90.0000 1.0873
95.0000 1.1040
100.0000 1.0879
105.0000 1.1026
110.0000 1.0989
115.0000 1.1171
120.0000 1.1215
125.0000 1.1149
130.0000 1.1101
135.0000 1.0966
140.0000 1.0771
145.0000 1.0751
150.0000 1.0822
155.0000 1.0925
160.0000 1.0993
165.0000 1.1114
170.0000 1.1063
175.0000 1.0966
180.0000 1.0831
185.0000 1.0870
190.0000 1.0811
195.0000 1.0946
200.0000 1.0991
205.0000 1.0978
210.0000 1.0899
215.0000 1.0801
220.0000 1.0719
225.0000 1.0986
230.0000 1.0815
235.0000 1.1038
240.0000 1.1073
245.0000 1.0965
250.0000 1.0717
255.0000 1.0911
260.0000 1.0636
265.0000 1.0661
270.0000 1.0787
275.0000 1.0980
280.0000 1.0871
285.0000 1.0881
290.0000 1.0850
