0.0000 4.6900
5.0000 4.6762
10.0000 4.6913
15.0000 4.6787
20.0000 4.6738
25.0000 4.6738
30.0000 4.6600
35.0000 4.6500
40.0000 4.6738
45.0000 4.6913
50.0000 4.7188
55.0000 4.7488
60.0000 4.7475
65.0000 4.7500
70.0000 4.7387
75.0000 4.7112
80.0000 4.6538
85.0000 4.6300
90.0000 4.6275
95.0000 4.6350
100.0000 4.6762
105.0000 4.6787
110.0000 4.7012
115.0000 4.7387
120.0000 4.6875
125.0000 4.6600
130.0000 4.6175
135.0000 4.5987
140.0000 4.5950
145.0000 4.6150
150.0000 4.6612
155.0000 4.6837
160.0000 4.7075
165.0000 4.6625
170.0000 4.6175
175.0000 4.5738
180.0000 4.5762
185.0000 4.6037
190.0000 4.6412
195.0000 4.6763
200.0000 4.6675
205.0000 4.6288
210.0000 4.5800
215.0000 4.5475
220.0000 4.5525
225.0000 4.5925
230.0000 4.6238
235.0000 4.6588
240.0000 4.6350
245.0000 4.5738
250.0000 4.5425
255.0000 4.5275
260.0000 4.5738
265.0000 4.6088
270.0000 4.6300
275.0000 4.6413
280.0000 4.6013
285.0000 4.6113
290.0000 4.5825
