0.530154 2.720500
1.516685 2.731750
2.513830 2.720500
3.523800 2.718250
4.500355 2.723500
5.504483 2.732750
6.511128 2.717000
7.494739 2.714000
8.501559 2.732250
9.509691 2.711000
10.507142 2.722000
11.522513 2.709000
12.518581 2.720000
13.518827 2.720750
14.510845 2.722000
15.518771 2.726250
16.508606 2.713750
17.499090 2.725250
18.522072 2.729500
19.499506 2.732250
20.498315 2.708500
21.506076 2.717750
22.512156 2.723500
23.532646 2.719000
24.516753 2.701000
25.498688 2.730500
26.484658 2.715250
27.502906 2.714750
28.495392 2.729500
29.499503 2.725500
