0.0000 1.5517
5.0000 1.5277
10.0000 1.5490
15.0000 1.5763
20.0000 1.5567
25.0000 1.5823
30.0000 1.5743
35.0000 1.5737
40.0000 1.5693
45.0000 1.5110
50.0000 1.4580
55.0000 1.4080
60.0000 1.2853
65.0000 1.1180
70.0000 0.8153
75.0000 0.6413
80.0000 0.4977
85.0000 0.4780
90.0000 0.4963
95.0000 0.6213
100.0000 0.7927
105.0000 1.0800
110.0000 1.2780
115.0000 1.3477
120.0000 1.4217
125.0000 1.4577
130.0000 1.4580
135.0000 1.4980
140.0000 1.4840
145.0000 1.5467
150.0000 1.5893
155.0000 1.5260
160.0000 1.5790
165.0000 1.5250
170.0000 1.5327
175.0000 1.5557
180.0000 1.5643
185.0000 1.5743
190.0000 1.6257
195.0000 1.5960
200.0000 1.6300
205.0000 1.5770
210.0000 1.5960
215.0000 1.6017
220.0000 1.6207
225.0000 1.6267
230.0000 1.6153
235.0000 1.6467
240.0000 1.6130
245.0000 1.5930
250.0000 1.5840
255.0000 1.5917
260.0000 1.6203
265.0000 1.5827
270.0000 1.6367
275.0000 1.6173
280.0000 1.6137
285.0000 1.5787
290.0000 1.5623
