0.0000 0.8237
5.0000 0.8093
10.0000 0.8163
15.0000 0.8327
20.0000 0.8253
25.0000 0.8253
30.0000 0.8083
35.0000 0.7993
40.0000 0.7887
45.0000 0.7780
50.0000 0.7570
55.0000 0.7120
60.0000 0.7013
65.0000 0.6510
70.0000 0.5560
75.0000 0.4760
80.0000 0.4077
85.0000 0.3647
90.0000 0.3783
95.0000 0.4753
100.0000 0.5913
105.0000 0.6737
110.0000 0.7000
115.0000 0.7420
120.0000 0.7443
125.0000 0.7377
130.0000 0.7687
135.0000 0.7853
140.0000 0.7887
145.0000 0.8327
150.0000 0.8350
155.0000 0.8510
160.0000 0.8603
165.0000 0.8327
170.0000 0.8567
175.0000 0.8663
180.0000 0.8930
185.0000 0.8930
190.0000 0.8737
195.0000 0.9077
200.0000 0.8777
205.0000 0.8843
210.0000 0.8903
215.0000 0.8793
220.0000 0.9020
225.0000 0.8937
230.0000 0.9070
235.0000 0.9010
240.0000 0.8827
245.0000 0.8963
250.0000 0.8897
255.0000 0.8727
260.0000 0.8877
265.0000 0.9127
270.0000 0.9043
275.0000 0.9143
280.0000 0.8920
285.0000 0.9003
290.0000 0.8480
