0.0000 3.5670
5.0000 3.6067
10.0000 3.5893
15.0000 3.5927
20.0000 3.6203
25.0000 3.6410
30.0000 3.6443
35.0000 3.6537
40.0000 3.6820
45.0000 3.6453
50.0000 3.7037
55.0000 3.6747
60.0000 3.6593
65.0000 3.6420
70.0000 3.6160
75.0000 3.5943
80.0000 3.5860
85.0000 3.5633
90.0000 3.6003
95.0000 3.6093
100.0000 3.6603
105.0000 3.6577
110.0000 3.6587
115.0000 3.6230
120.0000 3.5793
125.0000 3.5617
130.0000 3.5377
135.0000 3.5737
140.0000 3.5767
145.0000 3.6300
150.0000 3.6410
155.0000 3.6087
160.0000 3.5893
165.0000 3.5877
170.0000 3.5280
175.0000 3.5580
180.0000 3.5720
185.0000 3.5953
190.0000 3.6210
195.0000 3.6020
200.0000 3.5827
205.0000 3.5463
210.0000 3.5343
215.0000 3.5170
220.0000 3.5477
225.0000 3.5797
230.0000 3.6030
235.0000 3.5967
240.0000 3.5470
245.0000 3.5177
250.0000 3.5020
255.0000 3.5070
260.0000 3.5337
265.0000 3.5793
270.0000 3.5787
275.0000 3.5527
280.0000 3.5353
285.0000 3.5117
290.0000 3.4853
