0.0000 6.7350
5.0000 6.7533
10.0000 6.7317
15.0000 6.7600
20.0000 6.7867
25.0000 6.7833
30.0000 6.7450
35.0000 6.7583
40.0000 6.7150
45.0000 6.7267
50.0000 6.7933
55.0000 6.8017
60.0000 6.8717
65.0000 6.8550
70.0000 6.8633
75.0000 6.8333
80.0000 6.7883
85.0000 6.7483
90.0000 6.7083
95.0000 6.7050
100.0000 6.7150
105.0000 6.7667
110.0000 6.8333
115.0000 6.8567
120.0000 6.8333
125.0000 6.8067
130.0000 6.7383
135.0000 6.7017
140.0000 6.6683
145.0000 6.7333
150.0000 6.7667
155.0000 6.8083
160.0000 6.8600
165.0000 6.7950
170.0000 6.7367
175.0000 6.6983
180.0000 6.6750
185.0000 6.6750
190.0000 6.7383
195.0000 6.7417
200.0000 6.8083
205.0000 6.8083
210.0000 6.7583
215.0000 6.6733
220.0000 6.6183
225.0000 6.7017
230.0000 6.7600
235.0000 6.7900
240.0000 6.7717
245.0000 6.6917
250.0000 6.6900
255.0000 6.6450
260.0000 6.6600
265.0000 6.7117
270.0000 6.7567
275.0000 6.7867
280.0000 6.7400
285.0000 6.6800
290.0000 6.6400
