0.0000 6.5220
5.0000 6.5487
10.0000 6.5553
15.0000 6.5610
20.0000 6.5610
25.0000 6.6137
30.0000 6.6593
35.0000 6.6977
40.0000 6.6800
45.0000 6.7277
50.0000 6.7177
55.0000 6.6893
60.0000 6.6487
65.0000 6.6127
70.0000 6.5843
75.0000 6.5527
80.0000 6.5420
85.0000 6.5460
90.0000 6.6097
95.0000 6.6367
100.0000 6.6693
105.0000 6.6810
110.0000 6.6680
115.0000 6.6210
120.0000 6.5767
125.0000 6.5430
130.0000 6.5253
135.0000 6.5653
140.0000 6.6260
145.0000 6.6570
150.0000 6.6953
155.0000 6.6760
160.0000 6.6363
165.0000 6.5887
170.0000 6.5303
175.0000 6.5377
180.0000 6.6033
185.0000 6.6493
190.0000 6.6703
195.0000 6.6770
200.0000 6.6227
205.0000 6.5667
210.0000 6.5353
215.0000 6.5453
220.0000 6.5737
225.0000 6.6503
230.0000 6.6620
235.0000 6.6320
240.0000 6.5703
245.0000 6.5043
250.0000 6.5003
255.0000 6.5083
260.0000 6.6027
265.0000 6.6143
270.0000 6.6267
275.0000 6.6113
280.0000 6.5633
285.0000 6.4960
290.0000 6.4720
