0.0000 0.4620
5.0000 0.4743
10.0000 0.4662
15.0000 0.4663
20.0000 0.4897
25.0000 0.4933
30.0000 0.4782
35.0000 0.4655
40.0000 0.4533
45.0000 0.4450
50.0000 0.4427
55.0000 0.4313
60.0000 0.4053
65.0000 0.4037
70.0000 0.3583
75.0000 0.3292
80.0000 0.3012
85.0000 0.2837
90.0000 0.3027
95.0000 0.3358
100.0000 0.3610
105.0000 0.3833
110.0000 0.4100
115.0000 0.4010
120.0000 0.4358
125.0000 0.4533
130.0000 0.4667
135.0000 0.4745
140.0000 0.4737
145.0000 0.5083
150.0000 0.5080
155.0000 0.4915
160.0000 0.5022
165.0000 0.4902
170.0000 0.5133
175.0000 0.5007
180.0000 0.4855
185.0000 0.5095
190.0000 0.5018
195.0000 0.5050
200.0000 0.5022
205.0000 0.4823
210.0000 0.4852
215.0000 0.5027
220.0000 0.5007
225.0000 0.4823
230.0000 0.5052
235.0000 0.4823
240.0000 0.4802
245.0000 0.4977
250.0000 0.4968
255.0000 0.5103
260.0000 0.4932
265.0000 0.4975
270.0000 0.4888
275.0000 0.5177
280.0000 0.4908
285.0000 0.4765
290.0000 0.4765
