0.0000 4.6415
5.0000 4.6282
10.0000 4.6402
15.0000 4.6348
20.0000 4.6258
25.0000 4.6495
30.0000 4.6345
35.0000 4.6513
40.0000 4.6605
45.0000 4.6892
50.0000 4.6928
55.0000 4.6975
60.0000 4.7123
65.0000 4.6947
70.0000 4.6715
75.0000 4.6490
80.0000 4.5970
85.0000 4.5957
90.0000 4.6048
95.0000 4.6110
100.0000 4.6532
105.0000 4.6798
110.0000 4.7073
115.0000 4.6842
120.0000 4.6610
125.0000 4.6225
130.0000 4.5715
135.0000 4.5697
140.0000 4.5685
145.0000 4.6245
150.0000 4.6558
155.0000 4.6825
160.0000 4.6372
165.0000 4.6065
170.0000 4.5602
175.0000 4.5258
180.0000 4.5453
185.0000 4.5785
190.0000 4.5970
195.0000 4.6258
200.0000 4.6128
205.0000 4.5823
210.0000 4.5232
215.0000 4.5147
220.0000 4.5255
225.0000 4.5597
230.0000 4.6045
235.0000 4.6290
240.0000 4.5860
245.0000 4.5297
250.0000 4.5010
255.0000 4.4965
260.0000 4.5330
265.0000 4.5642
270.0000 4.6110
275.0000 4.5910
280.0000 4.5918
285.0000 4.5540
290.0000 4.5605
