0.0000 6.4875
5.0000 6.4662
10.0000 6.4650
15.0000 6.4500
20.0000 6.4650
25.0000 6.4275
30.0000 6.4425
35.0000 6.4588
40.0000 6.4813
45.0000 6.5050
50.0000 6.4912
55.0000 6.4950
60.0000 6.4388
65.0000 6.4250
70.0000 6.3788
75.0000 6.3650
80.0000 6.3450
85.0000 6.3662
90.0000 6.3838
95.0000 6.4413
100.0000 6.4600
105.0000 6.4825
110.0000 6.4625
115.0000 6.4150
120.0000 6.3713
125.0000 6.3250
130.0000 6.3087
135.0000 6.3188
140.0000 6.3787
145.0000 6.4150
150.0000 6.4437
155.0000 6.4200
160.0000 6.3762
165.0000 6.3213
170.0000 6.2737
175.0000 6.2775
180.0000 6.3137
185.0000 6.3788
190.0000 6.4112
195.0000 6.4013
200.0000 6.3500
205.0000 6.2775
210.0000 6.2338
215.0000 6.2450
220.0000 6.3188
225.0000 6.3688
230.0000 6.3812
235.0000 6.3412
240.0000 6.2875
245.0000 6.2225
250.0000 6.2250
255.0000 6.2475
260.0000 6.2937
265.0000 6.3463
270.0000 6.3575
275.0000 6.3188
280.0000 6.2963
285.0000 6.2538
290.0000 6.2550
