0.0000 2.7230
5.0000 2.7030
10.0000 2.7295
15.0000 2.7260
20.0000 2.7107
25.0000 2.7217
30.0000 2.7163
35.0000 2.7310
40.0000 2.7375
45.0000 2.7455
50.0000 2.7585
55.0000 2.7628
60.0000 2.7598
65.0000 2.7695
70.0000 2.7438
75.0000 2.7183
80.0000 2.7080
85.0000 2.7077
90.0000 2.7157
95.0000 2.7128
100.0000 2.7492
105.0000 2.7452
110.0000 2.7643
115.0000 2.7578
120.0000 2.7395
125.0000 2.7142
130.0000 2.7008
135.0000 2.6870
140.0000 2.6867
145.0000 2.7048
150.0000 2.7367
155.0000 2.7350
160.0000 2.7282
165.0000 2.7160
170.0000 2.6865
175.0000 2.6695
180.0000 2.6790
185.0000 2.6938
190.0000 2.7220
195.0000 2.7295
200.0000 2.7210
205.0000 2.7107
210.0000 2.6715
215.0000 2.6528
220.0000 2.6797
225.0000 2.6947
230.0000 2.7117
235.0000 2.7207
240.0000 2.7025
245.0000 2.6690
250.0000 2.6650
255.0000 2.6547
260.0000 2.6730
265.0000 2.7003
270.0000 2.7025
275.0000 2.7095
280.0000 2.7057
285.0000 2.6967
290.0000 2.6940
