0.0000 0.9995
5.0000 1.0154
10.0000 1.0034
15.0000 1.0009
20.0000 1.0101
25.0000 1.0001
30.0000 1.0080
35.0000 0.9926
40.0000 0.9802
45.0000 0.9713
50.0000 0.9526
55.0000 0.9070
60.0000 0.8671
65.0000 0.7531
70.0000 0.6125
75.0000 0.5035
80.0000 0.4503
85.0000 0.4520
90.0000 0.4892
95.0000 0.5834
100.0000 0.7465
105.0000 0.8751
110.0000 0.9205
115.0000 0.9559
120.0000 0.9874
125.0000 0.9939
130.0000 0.9913
135.0000 0.9800
140.0000 0.9930
145.0000 0.9989
150.0000 1.0079
155.0000 1.0248
160.0000 1.0291
165.0000 1.0266
170.0000 1.0263
175.0000 1.0165
180.0000 1.0314
185.0000 1.0356
190.0000 1.0543
195.0000 1.0740
200.0000 1.0671
205.0000 1.0693
210.0000 1.0639
215.0000 1.0553
220.0000 1.0679
225.0000 1.0748
230.0000 1.0871
235.0000 1.0938
240.0000 1.0987
245.0000 1.0926
250.0000 1.0775
255.0000 1.0732
260.0000 1.0829
265.0000 1.1015
270.0000 1.1002
275.0000 1.1047
280.0000 1.0889
285.0000 1.0909
290.0000 1.0879
