0.0000 6.4175
5.0000 6.4225
10.0000 6.4212
15.0000 6.4325
20.0000 6.4100
25.0000 6.4050
30.0000 6.3787
35.0000 6.4063
40.0000 6.4400
45.0000 6.4637
50.0000 6.4612
55.0000 6.5062
60.0000 6.5013
65.0000 6.5075
70.0000 6.4550
75.0000 6.3937
80.0000 6.3762
85.0000 6.3637
90.0000 6.3525
95.0000 6.3725
100.0000 6.4237
105.0000 6.4525
110.0000 6.4600
115.0000 6.4413
120.0000 6.4250
125.0000 6.3750
130.0000 6.3200
135.0000 6.3100
140.0000 6.3275
145.0000 6.3500
150.0000 6.3887
155.0000 6.4275
160.0000 6.4100
165.0000 6.3675
170.0000 6.3213
175.0000 6.2812
180.0000 6.2713
185.0000 6.3250
190.0000 6.3713
195.0000 6.4088
200.0000 6.3788
205.0000 6.3262
210.0000 6.2700
215.0000 6.2525
220.0000 6.2687
225.0000 6.3175
230.0000 6.3525
235.0000 6.3812
240.0000 6.3362
245.0000 6.2862
250.0000 6.2338
255.0000 6.2200
260.0000 6.2637
265.0000 6.3075
270.0000 6.3600
275.0000 6.3437
280.0000 6.3388
285.0000 6.3012
290.0000 6.2950
