0.0000 1.4964
2.0000 1.5002
4.0000 1.4846
6.0000 1.5010
8.0000 1.4978
10.0000 1.5001
12.0000 1.4866
14.0000 1.5041
16.0000 1.5034
18.0000 1.5008
20.0000 1.4892
22.0000 1.5036
24.0000 1.4891
26.0000 1.4988
28.0000 1.4811
30.0000 1.4766
32.0000 1.4796
34.0000 1.4651
36.0000 1.4549
38.0000 1.4489
40.0000 1.4424
42.0000 1.4201
44.0000 1.4115
46.0000 1.3982
48.0000 1.3795
50.0000 1.3741
52.0000 1.3365
54.0000 1.3139
56.0000 1.2799
58.0000 1.2434
60.0000 1.1898
62.0000 1.1269
64.0000 1.0279
66.0000 0.9329
68.0000 0.8525
70.0000 0.7606
72.0000 0.6992
74.0000 0.6312
76.0000 0.5699
78.0000 0.5136
80.0000 0.4805
82.0000 0.4840
84.0000 0.4475
86.0000 0.4494
88.0000 0.4420
90.0000 0.4881
92.0000 0.5132
94.0000 0.5631
96.0000 0.6241
98.0000 0.7016
100.0000 0.7830
102.0000 0.8768
104.0000 0.9979
106.0000 1.1074
108.0000 1.1824
110.0000 1.2336
112.0000 1.2689
114.0000 1.2864
116.0000 1.2960
118.0000 1.3114
120.0000 1.3384
122.0000 1.3388
124.0000 1.3609
126.0000 1.3731
128.0000 1.3821
130.0000 1.4045
132.0000 1.3950
134.0000 1.4230
136.0000 1.4249
138.0000 1.4419
140.0000 1.4501
142.0000 1.4661
144.0000 1.4881
146.0000 1.4836
148.0000 1.5128
150.0000 1.5175
152.0000 1.5173
154.0000 1.5328
156.0000 1.5497
158.0000 1.5519
160.0000 1.5624
162.0000 1.5711
164.0000 1.5725
166.0000 1.5720
168.0000 1.5716
170.0000 1.5920
172.0000 1.5949
174.0000 1.5916
176.0000 1.6016
178.0000 1.6113
180.0000 1.6295
182.0000 1.6340
184.0000 1.6454
186.0000 1.6498
188.0000 1.6560
190.0000 1.6600
192.0000 1.6566
194.0000 1.6554
196.0000 1.6532
198.0000 1.6564
200.0000 1.6436
202.0000 1.6454
204.0000 1.6466
206.0000 1.6330
208.0000 1.6326
210.0000 1.6204
212.0000 1.6354
214.0000 1.6441
216.0000 1.6401
218.0000 1.6536
220.0000 1.6573
222.0000 1.6607
224.0000 1.6585
226.0000 1.6799
228.0000 1.6756
230.0000 1.6531
232.0000 1.6620
234.0000 1.6641
236.0000 1.6566
238.0000 1.6640
240.0000 1.6417
242.0000 1.6284
244.0000 1.6348
246.0000 1.6290
248.0000 1.6307
250.0000 1.6365
252.0000 1.6339
254.0000 1.6534
256.0000 1.6389
258.0000 1.6640
260.0000 1.6643
262.0000 1.6651
264.0000 1.6734
266.0000 1.6652
268.0000 1.6786
270.0000 1.6611
272.0000 1.6650
274.0000 1.6579
276.0000 1.6529
278.0000 1.6619
280.0000 1.6661
282.0000 1.6436
284.0000 1.6518
286.0000 1.6332
288.0000 1.6471
290.0000 1.6458
