0.0000 1.5032
5.0000 1.4911
10.0000 1.4868
15.0000 1.4825
20.0000 1.5030
25.0000 1.4808
30.0000 1.4450
35.0000 1.4263
40.0000 1.4010
45.0000 1.3579
50.0000 1.2963
55.0000 1.2188
60.0000 1.0183
65.0000 0.7796
70.0000 0.6033
75.0000 0.4905
80.0000 0.4520
85.0000 0.4694
90.0000 0.5436
95.0000 0.7166
100.0000 0.9375
105.0000 1.2016
110.0000 1.2906
115.0000 1.3357
120.0000 1.3780
125.0000 1.3904
130.0000 1.4239
135.0000 1.4232
140.0000 1.4671
145.0000 1.5051
150.0000 1.5335
155.0000 1.5714
160.0000 1.5901
165.0000 1.5975
170.0000 1.5921
175.0000 1.6078
180.0000 1.6238
185.0000 1.6344
190.0000 1.6519
195.0000 1.6552
200.0000 1.6524
205.0000 1.6471
210.0000 1.6292
215.0000 1.6354
220.0000 1.6411
225.0000 1.6436
230.0000 1.6590
235.0000 1.6610
240.0000 1.6652
245.0000 1.6350
250.0000 1.6256
255.0000 1.6293
260.0000 1.6526
265.0000 1.6564
270.0000 1.6626
275.0000 1.6705
280.0000 1.6506
285.0000 1.6676
290.0000 1.6608
