0.0000 1.3140
5.0000 1.2980
10.0000 1.3157
15.0000 1.3027
20.0000 1.3067
25.0000 1.3457
30.0000 1.3180
35.0000 1.2540
40.0000 1.1897
45.0000 1.1000
50.0000 0.8340
55.0000 0.6490
60.0000 0.5183
65.0000 0.4980
70.0000 0.6200
75.0000 0.8133
80.0000 1.0693
85.0000 1.1997
90.0000 1.2707
95.0000 1.3600
100.0000 1.3813
105.0000 1.4000
110.0000 1.4377
115.0000 1.4317
120.0000 1.4380
125.0000 1.4383
130.0000 1.4637
135.0000 1.4687
140.0000 1.4800
145.0000 1.4967
150.0000 1.5003
155.0000 1.5377
160.0000 1.5190
165.0000 1.5337
170.0000 1.5227
175.0000 1.5053
180.0000 1.5323
185.0000 1.5560
190.0000 1.5577
195.0000 1.5303
200.0000 1.5757
205.0000 1.5333
210.0000 1.5220
215.0000 1.5430
220.0000 1.5357
225.0000 1.5647
230.0000 1.5833
235.0000 1.5537
240.0000 1.5503
245.0000 1.5353
250.0000 1.5367
255.0000 1.5190
260.0000 1.5643
265.0000 1.5707
270.0000 1.5780
275.0000 1.5640
280.0000 1.5243
285.0000 1.5323
290.0000 1.5517
