0.0000 2.0527
5.0000 2.0603
10.0000 2.0847
15.0000 2.0820
20.0000 2.0787
25.0000 2.1043
30.0000 2.1160
35.0000 2.1303
40.0000 2.1543
45.0000 2.1427
50.0000 2.1553
55.0000 2.1510
60.0000 2.1470
65.0000 2.1327
70.0000 2.1253
75.0000 2.1080
80.0000 2.1103
85.0000 2.0820
90.0000 2.1220
95.0000 2.1243
100.0000 2.1487
105.0000 2.1327
110.0000 2.1503
115.0000 2.1243
120.0000 2.1220
125.0000 2.1020
130.0000 2.1070
135.0000 2.1063
140.0000 2.1160
145.0000 2.1427
150.0000 2.1637
155.0000 2.1500
160.0000 2.1210
165.0000 2.1203
170.0000 2.1093
175.0000 2.1087
180.0000 2.1060
185.0000 2.1387
190.0000 2.1563
195.0000 2.1420
200.0000 2.1137
205.0000 2.1177
210.0000 2.0983
215.0000 2.0920
220.0000 2.1147
225.0000 2.1377
230.0000 2.1443
235.0000 2.1370
240.0000 2.1160
245.0000 2.0917
250.0000 2.0727
255.0000 2.0847
260.0000 2.1120
265.0000 2.1220
270.0000 2.1387
275.0000 2.1227
280.0000 2.1053
285.0000 2.0943
290.0000 2.0683
