0.0000 1.2343
5.0000 1.2383
10.0000 1.2263
15.0000 1.2143
20.0000 1.2367
25.0000 1.2643
30.0000 1.2133
35.0000 1.1357
40.0000 0.9593
45.0000 0.7450
50.0000 0.6313
55.0000 0.6263
60.0000 0.7740
65.0000 1.0243
70.0000 1.1810
75.0000 1.2970
80.0000 1.3130
85.0000 1.3513
90.0000 1.3987
95.0000 1.4433
100.0000 1.4770
105.0000 1.4883
110.0000 1.4837
115.0000 1.5093
120.0000 1.5237
125.0000 1.5257
130.0000 1.5140
135.0000 1.5373
140.0000 1.5417
145.0000 1.5753
150.0000 1.5720
155.0000 1.5897
160.0000 1.5843
165.0000 1.5613
170.0000 1.5580
175.0000 1.5587
180.0000 1.5723
185.0000 1.5857
190.0000 1.5913
195.0000 1.5960
200.0000 1.5840
205.0000 1.5770
210.0000 1.5677
215.0000 1.5917
220.0000 1.5873
225.0000 1.5973
230.0000 1.5950
235.0000 1.6127
240.0000 1.5737
245.0000 1.5913
250.0000 1.5623
255.0000 1.5813
260.0000 1.5887
265.0000 1.5953
270.0000 1.5967
275.0000 1.5917
280.0000 1.5683
285.0000 1.5797
290.0000 1.5690
