0.0000 1.3073
5.0000 1.2817
10.0000 1.2607
15.0000 1.2727
20.0000 1.2607
25.0000 1.2727
30.0000 1.2660
35.0000 1.1953
40.0000 1.0990
45.0000 0.8787
50.0000 0.6643
55.0000 0.5800
60.0000 0.5847
65.0000 0.6637
70.0000 0.8747
75.0000 1.1287
80.0000 1.2273
85.0000 1.2910
90.0000 1.3330
95.0000 1.3863
100.0000 1.4183
105.0000 1.4420
110.0000 1.4527
115.0000 1.4427
120.0000 1.4717
125.0000 1.4533
130.0000 1.4757
135.0000 1.5060
140.0000 1.5120
145.0000 1.5317
150.0000 1.5517
155.0000 1.5383
160.0000 1.5213
165.0000 1.5070
170.0000 1.5213
175.0000 1.5220
180.0000 1.5327
185.0000 1.5780
190.0000 1.5463
195.0000 1.5567
200.0000 1.5277
205.0000 1.5593
210.0000 1.5327
215.0000 1.5203
220.0000 1.5467
225.0000 1.5507
230.0000 1.5793
235.0000 1.5670
240.0000 1.5640
245.0000 1.5410
250.0000 1.5320
255.0000 1.5430
260.0000 1.5643
265.0000 1.5753
270.0000 1.5623
275.0000 1.5653
280.0000 1.5567
285.0000 1.5357
290.0000 1.5147
