0.0000 1.4610
5.0000 1.4608
10.0000 1.4478
15.0000 1.4842
20.0000 1.4600
25.0000 1.4760
30.0000 1.4600
35.0000 1.4487
40.0000 1.4345
45.0000 1.3848
50.0000 1.3427
55.0000 1.2973
60.0000 1.1907
65.0000 0.9840
70.0000 0.7115
75.0000 0.5123
80.0000 0.3775
85.0000 0.3290
90.0000 0.3602
95.0000 0.5465
100.0000 0.7252
105.0000 1.0052
110.0000 1.2172
115.0000 1.3175
120.0000 1.3450
125.0000 1.3537
130.0000 1.4065
135.0000 1.4308
140.0000 1.4803
145.0000 1.4837
150.0000 1.4928
155.0000 1.5403
160.0000 1.5442
165.0000 1.5205
170.0000 1.5272
175.0000 1.5430
180.0000 1.5532
185.0000 1.5630
190.0000 1.5978
195.0000 1.5982
200.0000 1.6155
205.0000 1.5880
210.0000 1.6125
215.0000 1.5738
220.0000 1.6003
225.0000 1.6315
230.0000 1.6178
235.0000 1.6332
240.0000 1.6127
245.0000 1.6010
250.0000 1.5940
255.0000 1.6213
260.0000 1.6058
265.0000 1.6248
270.0000 1.6388
275.0000 1.6257
280.0000 1.6268
285.0000 1.5988
290.0000 1.6083
