0.0000 1.3827
5.0000 1.3657
10.0000 1.3603
15.0000 1.3553
20.0000 1.3740
25.0000 1.3793
30.0000 1.4023
35.0000 1.3973
40.0000 1.4080
45.0000 1.3863
50.0000 1.3950
55.0000 1.3407
60.0000 1.2950
65.0000 1.2713
70.0000 1.1797
75.0000 1.1093
80.0000 0.8790
85.0000 0.6517
90.0000 0.4447
95.0000 0.3167
100.0000 0.2443
105.0000 0.2317
110.0000 0.2773
115.0000 0.3780
120.0000 0.5647
125.0000 0.8520
130.0000 1.0177
135.0000 1.1390
140.0000 1.2253
145.0000 1.2673
150.0000 1.3440
155.0000 1.3503
160.0000 1.3670
165.0000 1.3700
170.0000 1.3843
175.0000 1.3913
180.0000 1.4000
185.0000 1.4313
190.0000 1.4623
195.0000 1.4623
200.0000 1.4580
205.0000 1.4340
210.0000 1.4750
215.0000 1.4647
220.0000 1.4780
225.0000 1.4973
230.0000 1.5207
235.0000 1.4987
240.0000 1.4863
245.0000 1.4940
250.0000 1.5083
255.0000 1.4860
260.0000 1.5160
265.0000 1.5163
270.0000 1.5160
275.0000 1.5337
280.0000 1.4947
285.0000 1.5080
290.0000 1.5097
