0.0000 6.5360
5.0000 6.5403
10.0000 6.5443
15.0000 6.5750
20.0000 6.6003
25.0000 6.6137
30.0000 6.6647
35.0000 6.6887
40.0000 6.6980
45.0000 6.7553
50.0000 6.7520
55.0000 6.7393
60.0000 6.7243
65.0000 6.6860
70.0000 6.6403
75.0000 6.5770
80.0000 6.5483
85.0000 6.5820
90.0000 6.6170
95.0000 6.6583
100.0000 6.6927
105.0000 6.7477
110.0000 6.6893
115.0000 6.6793
120.0000 6.6227
125.0000 6.5620
130.0000 6.5567
135.0000 6.5737
140.0000 6.6567
145.0000 6.6783
150.0000 6.6960
155.0000 6.6920
160.0000 6.6743
165.0000 6.5943
170.0000 6.5560
175.0000 6.5843
180.0000 6.6003
185.0000 6.6513
190.0000 6.7060
195.0000 6.6843
200.0000 6.6370
205.0000 6.5793
210.0000 6.5243
215.0000 6.5283
220.0000 6.5763
225.0000 6.6360
230.0000 6.6583
235.0000 6.6550
240.0000 6.5870
245.0000 6.5287
250.0000 6.5013
255.0000 6.5180
260.0000 6.5800
265.0000 6.6653
270.0000 6.6533
275.0000 6.6293
280.0000 6.5477
285.0000 6.4860
290.0000 6.4737
