0.0000 0.6985
5.0000 0.7086
10.0000 0.6969
15.0000 0.6811
20.0000 0.6792
25.0000 0.6779
30.0000 0.6662
35.0000 0.6544
40.0000 0.6434
45.0000 0.6400
50.0000 0.6325
55.0000 0.6217
60.0000 0.5938
65.0000 0.5546
70.0000 0.5098
75.0000 0.4752
80.0000 0.4314
85.0000 0.4328
90.0000 0.4480
95.0000 0.5016
100.0000 0.5621
105.0000 0.6149
110.0000 0.6175
115.0000 0.6297
120.0000 0.6233
125.0000 0.6223
130.0000 0.6273
135.0000 0.6433
140.0000 0.6488
145.0000 0.6750
150.0000 0.7039
155.0000 0.7037
160.0000 0.7103
165.0000 0.7096
170.0000 0.7078
175.0000 0.7147
180.0000 0.7175
185.0000 0.7337
190.0000 0.7459
195.0000 0.7303
200.0000 0.7510
205.0000 0.7446
210.0000 0.7350
215.0000 0.7274
220.0000 0.7264
225.0000 0.7276
230.0000 0.7434
235.0000 0.7565
240.0000 0.7530
245.0000 0.7396
250.0000 0.7470
255.0000 0.7391
260.0000 0.7296
265.0000 0.7416
270.0000 0.7436
275.0000 0.7580
280.0000 0.7625
285.0000 0.7478
290.0000 0.7488
