0.0000 2.7033
5.0000 2.7190
10.0000 2.7027
15.0000 2.7160
20.0000 2.7050
25.0000 2.7020
30.0000 2.6860
35.0000 2.7038
40.0000 2.7140
45.0000 2.7230
50.0000 2.7422
55.0000 2.7603
60.0000 2.7630
65.0000 2.7582
70.0000 2.7435
75.0000 2.7165
80.0000 2.7130
85.0000 2.6823
90.0000 2.6833
95.0000 2.7040
100.0000 2.7247
105.0000 2.7395
110.0000 2.7622
115.0000 2.7402
120.0000 2.7283
125.0000 2.7302
130.0000 2.6945
135.0000 2.6873
140.0000 2.7083
145.0000 2.7052
150.0000 2.7260
155.0000 2.7340
160.0000 2.7525
165.0000 2.7045
170.0000 2.6995
175.0000 2.6815
180.0000 2.6673
185.0000 2.7103
190.0000 2.7115
195.0000 2.7410
200.0000 2.7222
205.0000 2.6860
210.0000 2.6690
215.0000 2.6707
220.0000 2.6815
225.0000 2.7053
230.0000 2.7062
235.0000 2.7258
240.0000 2.6982
245.0000 2.6660
250.0000 2.6440
255.0000 2.6547
260.0000 2.6723
265.0000 2.6902
270.0000 2.7228
275.0000 2.7033
280.0000 2.6885
285.0000 2.6905
290.0000 2.6813
