0.0000 1.1076
5.0000 1.1026
10.0000 1.1071
15.0000 1.1156
20.0000 1.1001
25.0000 1.0969
30.0000 1.1027
35.0000 1.1009
40.0000 1.1060
45.0000 1.1106
50.0000 1.1066
55.0000 1.1094
60.0000 1.1218
65.0000 1.1202
70.0000 1.1096
75.0000 1.1055
80.0000 1.1006
85.0000 1.1031
90.0000 1.0953
95.0000 1.0841
100.0000 1.0975
105.0000 1.0969
110.0000 1.1116
115.0000 1.1226
120.0000 1.1027
125.0000 1.0931
130.0000 1.0840
135.0000 1.0815
140.0000 1.0787
145.0000 1.0867
150.0000 1.0970
155.0000 1.1104
160.0000 1.1078
165.0000 1.0996
170.0000 1.0794
175.0000 1.0800
180.0000 1.0751
185.0000 1.0826
190.0000 1.1040
195.0000 1.0914
200.0000 1.1064
205.0000 1.1019
210.0000 1.0850
215.0000 1.0815
220.0000 1.0845
225.0000 1.0921
230.0000 1.0965
235.0000 1.1054
240.0000 1.0979
245.0000 1.0882
250.0000 1.0814
255.0000 1.0817
260.0000 1.0725
265.0000 1.0841
270.0000 1.0926
275.0000 1.1116
280.0000 1.0911
285.0000 1.0867
290.0000 1.1031
