0.0000 0.4298
5.0000 0.4390
10.0000 0.4348
15.0000 0.4310
20.0000 0.4262
25.0000 0.4200
30.0000 0.4210
35.0000 0.4155
40.0000 0.4142
45.0000 0.4027
50.0000 0.4052
55.0000 0.3898
60.0000 0.3812
65.0000 0.3632
70.0000 0.3420
75.0000 0.3338
80.0000 0.3240
85.0000 0.3297
90.0000 0.3450
95.0000 0.3642
100.0000 0.3777
105.0000 0.3800
110.0000 0.3840
115.0000 0.3985
120.0000 0.4062
125.0000 0.4137
130.0000 0.4157
135.0000 0.4332
140.0000 0.4258
145.0000 0.4355
150.0000 0.4525
155.0000 0.4442
160.0000 0.4492
165.0000 0.4460
170.0000 0.4395
175.0000 0.4293
180.0000 0.4365
185.0000 0.4320
190.0000 0.4443
195.0000 0.4395
200.0000 0.4402
205.0000 0.4445
210.0000 0.4390
215.0000 0.4400
220.0000 0.4357
225.0000 0.4262
230.0000 0.4403
235.0000 0.4453
240.0000 0.4360
245.0000 0.4385
250.0000 0.4443
255.0000 0.4372
260.0000 0.4330
265.0000 0.4418
270.0000 0.4567
275.0000 0.4432
280.0000 0.4330
285.0000 0.4315
290.0000 0.4383
