0.0000 0.2449
5.0000 0.2569
10.0000 0.2620
15.0000 0.2509
20.0000 0.2454
25.0000 0.2404
30.0000 0.2366
35.0000 0.2655
40.0000 0.2469
45.0000 0.2499
50.0000 0.2420
55.0000 0.2616
60.0000 0.2387
65.0000 0.2450
70.0000 0.2380
75.0000 0.2338
80.0000 0.2323
85.0000 0.2219
90.0000 0.2325
95.0000 0.2284
100.0000 0.2355
105.0000 0.2369
110.0000 0.2466
115.0000 0.2503
120.0000 0.2595
125.0000 0.2531
130.0000 0.2457
135.0000 0.2424
140.0000 0.2485
145.0000 0.2426
150.0000 0.2489
155.0000 0.2418
160.0000 0.2654
165.0000 0.2606
170.0000 0.2545
175.0000 0.2506
180.0000 0.2363
185.0000 0.2533
190.0000 0.2492
195.0000 0.2555
200.0000 0.2531
205.0000 0.2446
210.0000 0.2480
215.0000 0.2402
220.0000 0.2362
225.0000 0.2491
230.0000 0.2469
235.0000 0.2605
240.0000 0.2585
245.0000 0.2469
250.0000 0.2313
255.0000 0.2498
260.0000 0.2383
265.0000 0.2526
270.0000 0.2354
275.0000 0.2530
280.0000 0.2517
285.0000 0.2585
290.0000 0.2569
